# BLASTP 2.17.0+
# Query: Unknown protein sequence
# Database: /Users/Q149596/development/workspaces/explorations/phyloproject/blastdb/tsr3_db
# Fields: subject acc., alignment length, % identity, gaps, score, bit score, evalue
# 502 hits found
9606_0:0048f7	312	100.000	0	1513	656	0.0
61622_0:004d9a	312	95.513	0	1445	627	0.0
9544_0:004ef9	312	95.192	0	1439	624	0.0
9509_0:0037a9	312	91.667	0	1379	598	0.0
9483_0:003924	312	90.705	0	1368	593	0.0
37293_0:0042b5	312	91.667	0	1355	588	0.0
9601_0:004059	312	94.551	0	1345	584	0.0
61853_0:0039b7	281	95.018	0	1293	561	0.0
31869_0:003945	314	85.350	5	1280	555	0.0
30611_0:0020e4	312	82.372	0	1246	541	0.0
1868482_0:0042cb	312	85.256	0	1228	533	0.0
29073_0:0022b5	317	82.650	5	1217	528	0.0
89462_0:00506e	315	83.175	3	1216	528	0.0
84702_0:004e66	315	83.492	3	1216	528	0.0
9823_0:001194	316	81.646	4	1214	527	0.0
9447_0:000d36	312	83.333	3	1212	526	0.0
9713_0:00269d	316	83.544	4	1209	525	0.0
30608_0:00388e	314	83.758	5	1203	522	3.08e-180
9796_0:003007	317	80.442	6	1201	521	8.76e-180
9925_0:004254	313	81.150	1	1200	521	1.19e-179
43179_0:00484b	312	80.128	4	1197	520	2.75e-179
9940_0:004b05	312	81.410	0	1197	520	3.60e-179
9460_0:003b9e	312	83.654	3	1196	519	4.22e-179
51338_0:0023ba	312	82.692	2	1191	517	3.53e-178
9913_0:0047a3	315	82.857	3	1191	517	4.01e-178
9704_0:0031c0	331	80.060	19	1184	514	1.56e-176
391180_0:003374	317	80.757	5	1176	511	1.54e-175
27675_0:004c93	314	81.210	6	1170	508	9.57e-175
9755_0:00297d	316	80.696	11	1165	506	5.61e-174
2888765_0:0000f1	314	81.210	4	1165	506	8.18e-174
9685_0:0048be	315	81.905	4	1163	505	1.81e-173
55149_0:00528b	314	81.529	6	1160	504	3.91e-173
40151_0:001271	316	80.696	11	1160	504	4.16e-173
9771_0:003695	315	80.952	10	1159	503	4.59e-173
51337_0:0035c4	326	77.301	16	1161	504	6.53e-173
9413_0:0011e8	314	79.299	5	1160	504	1.04e-172
60746_0:003dda	326	75.460	16	1141	496	1.56e-169
9764_0:00302c	312	80.128	4	1138	494	1.92e-169
1884717_0:00384e	318	79.245	7	1137	494	3.47e-169
9739_0:0038b1	316	80.696	11	1133	492	1.11e-168
10129_0:00311c	326	73.926	17	1136	493	1.14e-168
59479_0:002d3e	315	81.587	5	1132	492	2.09e-168
10116_0:004128	326	73.620	16	1131	491	7.14e-168
230844_0:002b64	326	74.847	17	1129	490	1.06e-167
51298_0:003d33	315	82.540	4	1128	490	1.11e-167
214514_0:00479b	302	80.795	5	1125	489	1.49e-167
27622_0:003534	316	79.430	5	1127	489	1.68e-167
56216_0:0014b5	332	73.193	21	1128	490	3.03e-167
575201_0:00351b	337	74.481	34	1133	492	3.35e-167
1026970_0:0046fa	333	72.372	24	1126	489	5.86e-167
61156_0:0022a4	326	73.313	17	1124	488	9.62e-167
58069_0:001264	293	82.594	4	1122	487	1.08e-166
10141_0:0046c8	302	76.490	2	1117	485	2.75e-166
9669_0:004b37	345	74.493	33	1124	488	3.40e-166
10047_0:00137c	327	72.477	18	1118	486	7.36e-166
132908_0:003513	317	76.972	7	1116	485	1.09e-165
59472_0:003427	332	76.205	23	1118	486	1.10e-165
10181_0:004b51	302	78.477	4	1113	483	1.48e-165
34839_0:0022e1	302	77.483	2	1112	483	2.27e-165
89673_0:0011b4	321	76.636	10	1113	483	4.29e-165
77932_0:0039b1	316	78.481	8	1110	482	1.10e-164
10090_0:004eab	326	73.313	17	1109	482	2.13e-164
42410_0:002eed	324	73.457	14	1103	479	2.60e-163
38674_0:002728	312	74.038	3	1102	479	6.10e-163
10105_0:0034ed	323	71.517	18	1100	478	6.79e-163
10036_0:001b88	323	72.446	12	1099	477	9.88e-163
59463_0:0044ae	319	77.429	9	1092	474	1.35e-161
42415_0:0027e3	345	68.406	34	1101	478	2.12e-161
10149_0:002961	302	78.808	2	1086	472	5.15e-161
9407_0:0048e4	318	77.673	7	1088	473	5.90e-161
10029_0:00462c	334	71.557	22	1089	473	1.07e-160
1230840_0:00166c	318	76.415	7	1085	471	1.44e-160
9678_0:00319c	293	80.887	6	1080	469	2.14e-160
192404_0:003803	318	75.472	9	1072	466	1.80e-158
1047088_0:0016c5	326	72.699	17	1070	465	6.12e-158
186990_0:0007f3	292	81.849	4	1064	462	4.55e-157
9417_0:002d72	294	77.891	5	1061	461	1.25e-156
53275_0:0043ee	334	72.754	24	1063	462	1.43e-156
79684_0:00126c	326	72.699	17	1057	459	9.07e-156
447135_0:0011c1	328	72.561	19	1054	458	3.58e-155
127582_0:00105a	296	79.054	7	1049	456	1.69e-154
9646_0:00289b	263	84.030	3	1052	457	2.58e-154
9430_0:000616	316	76.899	5	1044	454	1.83e-153
9361_0:004750	330	70.606	31	1041	452	3.86e-153
109678_0:0012e6	271	78.967	8	1035	450	3.82e-152
143292_0:0030fd	301	78.073	6	1025	445	8.24e-151
9365_0:002b9c	321	74.143	12	1029	447	1.64e-150
291302_0:00221a	267	82.397	5	1017	442	1.73e-150
46360_0:001b27	254	83.858	3	1005	437	7.34e-149
202257_0:00498c	269	79.182	5	998	434	1.39e-146
9880_0:005240	254	83.071	5	983	427	2.98e-145
9838_0:004d37	234	87.607	0	988	430	1.76e-144
28737_0:004a0c	324	73.148	13	985	428	6.83e-144
9371_0:000849	339	67.552	39	975	424	1.46e-141
225400_0:001f44	257	85.214	5	960	417	2.24e-141
185453_0:003ebe	249	81.526	1	970	422	5.06e-141
37032_0:002133	254	81.890	4	957	416	6.81e-141
9785_0:0037af	350	69.143	43	966	420	4.71e-140
33562_0:000b61	327	65.138	19	960	417	9.83e-140
9447_0:004c26	251	83.665	4	949	413	1.72e-139
13616_0:004963	336	63.690	29	955	415	1.03e-138
10160_0:000f47	268	77.239	2	952	414	5.40e-138
9337_0:0053e3	328	63.415	18	935	407	1.51e-135
9305_0:000ca9	319	65.204	10	930	404	7.42e-135
50954_0:000dbf	275	76.364	15	916	398	4.80e-133
9978_0:003eb8	293	69.625	22	924	402	8.38e-133
29139_0:00253d	332	62.048	22	917	399	1.67e-132
9986_0:0041bc	263	75.285	5	900	392	1.65e-130
9615_0:00184e	267	80.899	6	932	405	2.72e-130
9615_0:00184e	58	62.069	5	44	22.8	6.4
194408_0:00409b	314	60.828	12	860	374	2.10e-123
109475_0:0008c2	235	74.894	1	858	373	4.29e-123
55291_0:004055	323	57.895	17	852	371	4.47e-122
1534307_0:002128	328	57.927	23	847	369	3.22e-121
42254_0:002928	238	74.370	1	842	367	1.33e-120
7906_0:003807	253	70.751	12	840	366	2.00e-120
7906_0:005356	256	68.750	11	830	361	6.93e-120
1415580_0:0036b2	329	57.143	19	839	365	8.40e-120
8364_0:004d1d	318	57.862	11	834	363	3.34e-119
30331_0:0042b1	322	58.075	20	831	362	8.36e-119
40147_0:002fc1	256	67.969	11	830	361	1.35e-118
8355_0:00796e	320	58.750	12	829	361	2.73e-118
327740_0:00409a	324	57.716	19	828	360	3.72e-118
40147_0:003782	249	70.281	12	825	359	6.07e-118
118141_0:0005be	332	57.831	28	826	360	1.23e-117
27687_0:003d7a	329	55.927	26	824	359	2.39e-117
57060_0:002b5d	257	65.370	3	814	354	3.20e-117
886794_0:001260	264	66.288	5	818	356	5.29e-117
473457_0:0053e4	319	57.680	14	820	357	7.13e-117
82655_0:000954	258	65.891	12	817	356	1.11e-116
143302_0:0037d2	227	76.652	4	806	351	1.69e-116
76066_0:003d6d	258	65.504	3	820	357	1.84e-116
7936_0:000cac	331	56.495	29	818	356	2.09e-116
154827_0:007ee7	285	61.754	17	812	354	2.71e-116
260995_0:00337a	305	59.344	20	817	356	3.28e-116
7888_0:004765	340	52.647	32	817	356	6.23e-116
8407_0:0037eb	322	56.211	15	813	354	1.04e-115
482537_0:000466	204	82.843	0	803	350	1.32e-115
247094_0:0042da	314	55.732	6	811	353	1.54e-115
8319_0:01d3b6	259	66.023	6	819	357	1.92e-115
8319_0:01d3b6	22	54.545	1	52	26.2	0.45
7932_0:000296	337	56.380	32	813	354	2.10e-115
111125_0:0006da	263	65.399	13	814	354	2.39e-115
143900_0:009e42	261	64.751	12	810	353	5.11e-115
29144_0:001859	255	66.275	9	804	350	6.98e-115
7957_0:00c05d	270	62.963	15	802	349	1.08e-114
9031_0:002c66	264	63.258	2	804	350	2.16e-114
42526_0:00056b	255	65.098	10	800	348	2.92e-114
91767_0:0034a2	268	63.433	10	798	348	3.54e-114
75329_0:0059c1	255	64.706	10	799	348	4.04e-114
42636_0:001582	330	56.667	27	803	350	5.30e-114
30464_0:000719	248	65.323	3	799	348	1.05e-113
54380_0:00119e	239	66.527	1	793	345	1.08e-113
7913_0:005a08	256	68.750	9	800	348	1.31e-113
9103_0:002d2b	256	66.406	3	808	352	1.35e-113
93934_0:002802	256	65.234	10	799	348	1.51e-113
8022_0:005eff	300	58.333	13	798	348	1.79e-113
8018_0:000c6a	312	57.372	17	798	348	2.03e-113
8478_0:0011bd	312	59.295	14	796	347	2.16e-113
7955_0:005e44	270	62.593	15	796	347	2.39e-113
61616_0:0053ea	298	59.060	15	799	348	2.72e-113
137520_0:0024be	271	61.624	13	792	345	4.09e-113
1572043_0:0054e8	255	63.529	10	796	347	4.44e-113
7994_0:002158	255	64.706	10	793	345	4.58e-113
8851_0:0013b2	232	71.121	3	790	344	4.66e-113
7924_0:002d65	244	69.672	7	798	348	4.71e-113
84645_0:00563b	255	65.098	10	792	345	5.13e-113
70543_0:00834b	255	64.314	10	792	345	6.64e-113
1606681_0:0056c1	270	62.593	15	791	345	8.42e-113
48435_0:000a36	230	68.696	3	786	342	9.04e-113
37083_0:001285	238	65.546	3	785	342	9.24e-113
113540_0:004c64	322	59.317	15	795	346	9.38e-113
8032_0:0008f8	285	60.351	17	793	345	9.88e-113
33601_0:002435	229	68.559	2	783	341	1.14e-112
176943_0:0031e7	236	66.102	2	784	342	1.32e-112
28743_0:002376	279	59.140	11	790	344	1.73e-112
241442_0:0047f9	255	63.529	10	789	344	1.91e-112
9054_0:002b8d	256	64.062	2	791	345	3.15e-112
8005_0:002985	255	65.098	10	790	344	3.27e-112
42514_0:000ba1	255	64.706	10	788	343	3.46e-112
861768_0:00026d	285	60.000	17	790	344	3.63e-112
992332_0:00514f	255	63.922	10	787	343	3.77e-112
1118817_0:002f78	244	67.623	3	788	343	4.64e-112
8469_0:003011	312	58.013	12	788	343	5.11e-112
7897_0:003bc4	319	58.307	11	790	344	5.33e-112
8475_0:004a4b	311	57.878	10	789	344	5.44e-112
1676925_0:00592c	256	65.625	12	791	345	5.59e-112
75366_0:006cde	255	65.098	10	785	342	7.12e-112
90988_0:00195f	241	66.390	8	785	342	9.25e-112
345573_0:001234	228	67.982	3	781	340	1.10e-111
8040_0:000c21	289	59.170	24	785	342	1.93e-111
13146_0:002206	257	64.591	6	782	341	2.41e-111
9117_0:002968	282	64.539	12	784	342	2.44e-111
1112836_0:000b36	243	63.374	3	778	339	2.96e-111
2059687_0:002af1	268	59.701	9	784	342	3.04e-111
1825980_0:0030c4	312	58.333	14	783	341	3.15e-111
54374_0:0006cb	223	68.610	1	776	338	6.92e-111
445787_0:0048e3	318	56.289	9	783	341	7.17e-111
36185_0:008797	285	59.298	17	782	341	8.09e-111
238744_0:0020f2	279	59.140	11	780	340	8.18e-111
172689_0:000717	238	65.966	4	771	336	1.77e-110
1234273_0:000e44	253	62.846	6	777	338	1.83e-110
56313_0:002190	259	64.865	2	778	339	1.96e-110
7959_0:005d90	268	63.060	12	776	338	2.13e-110
52670_0:004e8c	284	57.746	11	776	338	2.29e-110
1118519_0:001b81	204	74.020	1	769	335	2.61e-110
586833_0:004808	255	63.529	11	778	339	2.79e-110
188132_0:004479	257	63.035	11	776	338	2.79e-110
365059_0:005b59	255	63.529	9	777	338	2.90e-110
13735_0:00229a	251	64.143	11	768	335	4.20e-110
1961834_0:0016ff	204	73.529	1	766	334	6.24e-110
8345_0:00511d	257	62.257	6	779	339	6.48e-110
9252_0:002b73	228	67.544	3	768	335	6.71e-110
125878_0:00009e	318	56.918	14	777	338	7.19e-110
279965_0:002a3e	221	68.778	2	767	334	7.86e-110
545262_0:001415	210	71.429	1	768	335	7.93e-110
337641_0:00006b	255	63.137	8	775	338	8.34e-110
291819_0:001498	232	68.966	11	773	337	8.71e-110
623744_0:001a29	254	63.780	10	774	337	9.56e-110
81907_0:000532	204	74.510	2	768	335	1.00e-109
7950_0:0056c2	255	63.529	10	774	337	1.01e-109
91796_0:0028c0	228	68.860	6	767	334	1.06e-109
233779_0:00325d	260	61.923	12	776	338	1.37e-109
237438_0:000980	244	66.393	2	773	337	1.47e-109
100784_0:000183	241	67.635	3	768	335	1.58e-109
8845_0:00013a	231	69.264	2	772	336	1.83e-109
33528_0:004d81	257	62.646	11	771	336	1.89e-109
8839_0:002a82	231	68.831	3	771	336	2.45e-109
8083_0:0027f9	257	62.257	11	770	335	2.82e-109
357074_0:002155	226	67.257	3	769	335	2.98e-109
2585811_0:000e51	230	65.217	1	764	333	3.60e-109
2593467_0:002a56	228	65.789	3	762	332	4.51e-109
30732_0:004582	254	63.386	11	769	335	4.52e-109
299321_0:002957	255	62.353	10	770	335	4.94e-109
461239_0:0016d4	255	65.098	3	766	334	6.72e-109
78217_0:002960	228	66.667	3	762	332	8.18e-109
109905_0:004cb7	254	62.992	11	769	335	8.80e-109
8805_0:002f55	214	70.561	4	761	332	1.17e-108
176938_0:0019f7	247	65.992	3	761	332	1.19e-108
190295_0:002df2	263	63.118	6	763	332	1.45e-108
27706_0:003cf2	271	59.410	11	770	335	1.52e-108
205130_0:0043d9	254	62.598	11	766	334	1.64e-108
1109041_0:001f6c	257	63.813	3	763	332	1.66e-108
123683_0:00432a	254	63.386	11	765	333	1.67e-108
12930_0:001f3d	221	67.421	2	757	330	1.92e-108
55661_0:0028e9	233	67.811	13	765	333	1.94e-108
181472_0:0021b5	255	63.137	13	765	333	2.32e-108
223781_0:0039a0	260	63.846	8	765	333	2.34e-108
187437_0:0017b3	251	63.347	2	761	332	2.95e-108
8175_0:0050b3	268	60.075	15	764	333	3.48e-108
148989_0:007327	255	65.490	10	763	332	3.62e-108
243314_0:002760	235	67.234	3	757	330	3.87e-108
229290_0:0010d8	271	58.303	11	765	333	3.94e-108
441366_0:00459e	274	59.124	14	764	333	4.12e-108
1352770_0:002d73	239	66.527	1	757	330	4.36e-108
8090_0:00441d	292	55.822	11	762	332	4.49e-108
215358_0:003bc3	258	61.240	11	763	332	4.60e-108
8790_0:002b7b	193	75.648	2	757	330	4.84e-108
670423_0:00534c	273	60.440	14	764	333	5.45e-108
37003_0:00415c	254	62.992	11	763	332	5.58e-108
113115_0:0009d4	237	65.823	5	759	331	6.11e-108
369639_0:005fba	268	61.567	12	760	331	7.78e-108
54017_0:001292	228	69.298	3	756	329	8.13e-108
941984_0:004cb8	254	62.205	11	762	332	9.14e-108
1582913_0:005673	256	62.891	8	761	332	1.17e-107
210632_0:001c38	270	60.741	17	760	331	1.21e-107
451745_0:0040a7	256	60.938	11	754	329	1.40e-107
293821_0:0050de	254	61.811	11	761	332	1.41e-107
54343_0:004643	271	58.672	11	761	332	1.49e-107
240159_0:0065d6	258	60.853	11	760	331	1.58e-107
118183_0:001569	260	66.154	8	759	331	1.59e-107
173339_0:004a59	254	62.205	11	760	331	1.66e-107
241271_0:004d37	254	62.205	11	760	331	1.76e-107
75485_0:0024b3	258	66.279	2	760	331	2.22e-107
43700_0:00254c	285	56.491	11	759	331	2.30e-107
7998_0:000184	256	61.719	6	760	331	2.38e-107
80427_0:003909	192	77.604	1	766	334	2.41e-107
342381_0:001fbd	247	65.182	3	752	328	2.84e-107
208333_0:0025e4	260	60.769	13	758	330	3.37e-107
34773_0:0060b1	256	62.109	11	758	330	3.41e-107
141839_0:000f9b	238	67.227	3	757	330	3.67e-107
8524_0:003156	252	64.286	5	764	333	3.98e-107
240729_0:003670	212	70.755	3	751	327	4.21e-107
244447_0:001a05	255	61.569	13	758	330	4.45e-107
325343_0:000605	241	65.975	3	751	327	4.55e-107
37042_0:001cbb	223	69.058	1	751	327	4.66e-107
161448_0:004f66	273	59.341	16	758	330	4.90e-107
8177_0:004c5a	268	58.209	11	757	330	5.27e-107
449594_0:003014	231	67.532	3	750	327	6.80e-107
48193_0:004246	254	62.205	11	756	329	7.82e-107
308060_0:000554	191	75.916	1	748	326	8.48e-107
8245_0:001bda	254	61.811	11	754	329	9.13e-107
8168_0:0056a5	254	61.811	11	757	330	9.45e-107
161584_0:003e52	273	58.242	14	756	329	9.87e-107
8255_0:004ba0	254	61.417	11	756	329	1.04e-106
30455_0:003466	231	68.398	3	749	326	1.12e-106
173247_0:0043a1	300	55.000	18	755	329	1.16e-106
1250792_0:00534e	304	54.276	20	754	329	1.31e-106
270530_0:001e21	299	55.184	15	754	329	1.36e-106
8267_0:0046fe	254	61.417	11	757	330	1.41e-106
13676_0:004fd4	254	61.024	11	754	329	1.43e-106
8832_0:000d73	193	73.575	1	746	325	1.45e-106
43455_0:002679	230	67.826	3	750	327	1.46e-106
125297_0:002b1b	256	65.234	3	752	328	1.63e-106
72105_0:004f31	257	61.089	12	754	329	1.68e-106
73330_0:002e8f	226	65.487	1	748	326	1.69e-106
283035_0:005b28	254	61.811	11	755	329	1.69e-106
458196_0:002062	231	68.831	4	748	326	1.70e-106
433405_0:000a9d	268	58.955	14	755	329	1.76e-106
409849_0:0043ab	254	60.630	11	752	328	2.15e-106
135184_0:00138f	231	70.563	2	749	326	2.40e-106
8187_0:005169	258	60.465	11	753	328	2.48e-106
98133_0:000636	215	67.907	1	746	325	2.67e-106
52904_0:00414f	253	61.265	9	753	328	2.86e-106
103956_0:001cf9	236	66.949	4	746	325	2.86e-106
1203425_0:0042e0	254	61.417	11	755	329	2.92e-106
37079_0:00263a	233	67.811	18	746	325	3.08e-106
176946_0:003693	227	67.401	7	748	326	3.31e-106
182897_0:0005d3	250	65.200	2	749	326	3.38e-106
33584_0:001afe	241	65.145	3	746	325	3.38e-106
56067_0:002534	240	65.417	2	745	325	3.40e-106
8905_0:000035	228	68.860	3	752	328	3.48e-106
39621_0:002a2a	274	60.219	3	749	326	4.36e-106
97097_0:0015bd	223	68.610	2	747	326	4.39e-106
36176_0:00291d	229	68.996	6	753	328	4.68e-106
150288_0:003f36	275	57.455	14	749	326	4.77e-106
158456_0:004d8e	254	61.417	11	751	327	5.05e-106
135165_0:00111f	241	65.560	3	744	324	5.33e-106
105023_0:0034ca	253	61.660	9	749	326	6.15e-106
79653_0:0004d8	228	68.421	3	744	324	6.55e-106
99883_0:004436	254	62.205	11	744	324	6.67e-106
1841481_0:0028a2	253	61.265	10	749	326	8.29e-106
9009_0:000273	221	68.326	3	742	323	1.17e-105
48278_0:001ec0	225	68.000	1	742	323	1.19e-105
89951_0:0002e7	254	62.205	9	748	326	1.20e-105
8496_0:003a8b	251	63.745	8	741	323	1.29e-105
33616_0:00272f	228	68.421	3	750	327	1.29e-105
13397_0:002a3e	256	64.062	10	751	327	1.29e-105
36212_0:005cd5	274	58.759	17	749	326	1.33e-105
9770_0:00179f	229	72.926	11	738	322	1.37e-105
109280_0:003e0b	254	61.417	10	748	326	1.40e-105
54369_0:001e62	240	66.667	6	742	323	1.42e-105
317792_0:002170	240	65.417	2	742	323	1.52e-105
422203_0:00318f	248	62.097	10	747	326	1.82e-105
184440_0:00572d	254	62.205	12	747	326	1.96e-105
91951_0:002b90	249	65.863	2	746	325	1.99e-105
128390_0:0022de	199	75.879	1	744	324	2.28e-105
56726_0:004f76	254	61.024	11	750	327	2.32e-105
75038_0:004da4	272	58.088	16	745	325	2.35e-105
9083_0:000f76	204	70.588	1	740	323	2.38e-105
80972_0:004679	273	57.875	17	747	326	2.39e-105
135168_0:0031f1	264	62.121	2	744	324	2.50e-105
55544_0:00172b	251	62.948	9	739	322	2.76e-105
9261_0:002ea5	210	77.143	5	748	326	2.86e-105
378071_0:002938	229	67.249	4	748	326	3.17e-105
156561_0:001680	266	62.030	4	746	325	3.37e-105
121530_0:0004d4	228	67.982	2	740	323	4.04e-105
8262_0:00514b	254	60.630	10	747	326	4.23e-105
48427_0:001f31	228	67.982	3	741	323	4.78e-105
164674_0:001abc	244	65.984	2	745	325	5.27e-105
187382_0:001c7d	238	66.807	4	740	323	5.46e-105
227182_0:001436	240	67.500	7	738	322	5.71e-105
90069_0:005432	254	61.024	11	744	324	7.21e-105
2585816_0:0022bc	241	65.975	4	737	321	7.31e-105
310915_0:000130	267	61.798	10	744	324	7.50e-105
144197_0:004f76	255	61.176	13	744	324	9.20e-105
885580_0:0040cb	203	75.862	5	730	318	9.32e-105
56716_0:003eb7	259	60.618	12	748	326	9.95e-105
8103_0:0041db	254	59.843	11	743	324	1.10e-104
481883_0:0035fc	216	70.370	3	741	323	1.12e-104
137246_0:001613	229	68.559	6	748	326	1.19e-104
237433_0:00079c	243	66.667	2	743	324	1.24e-104
47695_0:0022d0	210	70.000	1	736	321	1.29e-104
13013_0:0012af	255	62.745	7	744	324	1.38e-104
33581_0:002598	238	64.706	4	735	320	1.45e-104
1566151_0:0009a0	200	71.500	1	733	320	1.47e-104
2585812_0:0025da	235	65.957	1	736	321	1.51e-104
79633_0:00290f	199	74.874	1	735	320	1.54e-104
36300_0:00399e	231	66.667	6	738	322	1.87e-104
2546036_0:00447e	254	60.236	9	739	322	1.87e-104
1118560_0:0019a0	244	64.754	3	742	323	2.05e-104
337173_0:001f37	244	66.393	2	741	323	2.15e-104
33598_0:002c80	204	75.000	1	732	319	2.72e-104
121402_0:006182	259	61.776	24	733	320	2.74e-104
160734_0:0042cd	254	64.173	10	739	322	2.91e-104
259920_0:004b03	229	66.376	4	741	323	3.81e-104
720586_0:001db3	260	62.308	6	737	321	4.15e-104
30419_0:002e3c	228	67.544	3	739	322	4.68e-104
1463973_0:001b62	268	61.194	4	739	322	5.20e-104
8969_0:00045f	248	64.113	13	733	320	5.42e-104
227184_0:001d04	227	68.282	2	734	320	5.99e-104
57412_0:0017a5	211	72.038	3	736	321	6.50e-104
134920_0:0014ef	258	59.302	10	740	323	7.24e-104
156563_0:0025c1	249	65.060	2	736	321	9.41e-104
225398_0:00142c	228	67.982	3	731	319	9.95e-104
75743_0:00320f	256	63.281	10	739	322	1.08e-103
80966_0:004d55	268	58.209	14	737	321	1.18e-103
2585815_0:00027b	199	72.362	1	730	318	1.19e-103
667144_0:002249	219	68.493	1	730	318	1.23e-103
161450_0:004af9	262	59.924	14	738	322	1.25e-103
54508_0:001094	228	68.421	4	733	320	1.27e-103
7830_0:0033bd	256	62.891	10	739	322	1.28e-103
31033_0:00046b	255	60.392	12	734	320	1.54e-103
161453_0:000c34	254	60.630	10	736	321	1.81e-103
219545_0:001777	255	60.000	12	734	320	1.97e-103
8947_0:002b16	202	75.248	1	736	321	2.23e-103
8208_0:001b6a	260	59.231	14	736	321	3.50e-103
52239_0:004233	260	59.231	14	736	321	4.13e-103
458187_0:002c95	233	65.236	1	728	317	4.35e-103
153643_0:0031b2	240	65.000	2	726	316	5.00e-103
161649_0:0005f3	232	65.517	3	726	316	5.25e-103
2489341_0:000df2	212	72.170	1	730	318	6.70e-103
57439_0:00177a	205	71.220	1	725	316	7.30e-103
328815_0:002439	228	65.789	3	728	317	7.57e-103
360224_0:003234	230	65.217	3	725	316	9.21e-103
245048_0:001523	219	68.037	1	725	316	9.90e-103
36200_0:002f91	256	59.766	14	733	320	1.21e-102
8010_0:000ef4	254	63.386	9	731	319	1.33e-102
9163_0:001cd1	246	63.821	4	724	316	1.43e-102
227226_0:002ede	209	70.813	1	724	316	1.45e-102
100819_0:0004f2	234	66.667	3	730	318	1.56e-102
254539_0:00135a	262	59.924	4	728	317	1.58e-102
40690_0:005d4a	260	58.846	14	732	319	1.70e-102
390379_0:004496	284	55.282	11	729	318	1.98e-102
8049_0:004800	259	60.618	14	730	318	2.04e-102
254563_0:0015a3	237	63.713	3	723	315	2.58e-102
8218_0:00120c	260	58.846	14	731	319	2.72e-102
2485327_0:0033ef	249	61.446	4	722	315	3.33e-102
8081_0:004555	256	63.672	10	727	317	3.53e-102
57421_0:003443	240	65.000	2	721	314	3.66e-102
321398_0:002001	217	68.203	1	727	317	3.78e-102
246437_0:001057	181	82.320	7	722	315	3.93e-102
265632_0:000c0b	226	65.929	3	720	314	4.25e-102
626378_0:000822	242	63.223	4	720	314	5.73e-102
390723_0:0012f4	219	69.863	2	720	314	5.73e-102
188344_0:00248b	241	64.730	3	721	314	6.48e-102
161742_0:0002b8	206	71.359	1	719	313	6.73e-102
670356_0:0022ce	233	64.807	3	724	316	7.18e-102
797021_0:00196f	265	58.868	3	722	315	8.05e-102
56311_0:001929	201	72.139	1	718	313	8.22e-102
7962_0:004b25	270	59.630	15	723	315	1.11e-101
366454_0:00028c	248	61.694	2	722	315	1.19e-101
64144_0:005a06	273	58.608	11	725	316	1.23e-101
9135_0:00276b	239	64.435	3	723	315	1.40e-101
589841_0:0009ae	243	62.963	4	721	314	1.67e-101
9160_0:003a42	244	63.525	3	723	315	1.85e-101
40210_0:00055e	264	59.848	4	718	313	2.25e-101
7962_0:009eaf	277	55.235	12	719	313	2.48e-101
10020_0:000eb4	233	71.245	15	714	311	2.48e-101
33528_0:004cd4	260	60.385	19	721	314	2.68e-101
198806_0:0007ee	199	73.869	1	720	314	4.22e-101
685728_0:001ae0	232	65.517	10	722	315	6.72e-101
375764_0:004a28	273	57.143	15	720	314	6.82e-101
239371_0:000442	227	64.758	1	713	311	1.01e-100
35670_0:003dbc	248	61.694	4	720	314	1.28e-100
239386_0:0023bc	210	68.571	1	713	311	1.60e-100
460621_0:0046b5	192	76.042	3	714	311	1.61e-100
64802_0:000c33	209	69.856	1	705	307	2.94e-100
94885_0:002436	213	67.136	4	716	312	3.13e-100
175836_0:003513	213	70.892	2	711	310	3.85e-100
237442_0:002bd2	236	63.983	2	709	309	4.05e-100
386614_0:002c69	308	53.571	21	716	312	6.29e-100
119488_0:004be2	254	62.205	10	712	310	7.38e-100
35019_0:003216	198	70.707	3	712	310	1.20e-99
118154_0:0033b5	212	70.283	4	752	328	1.26e-99
8078_0:006001	259	61.776	11	711	310	1.45e-99
103944_0:0008b5	256	61.719	12	710	310	2.00e-99
7782_0:0027f0	308	53.247	21	712	310	2.12e-99
9244_0:002679	236	68.220	9	712	310	2.68e-99
2498840_0:000bf8	215	68.837	1	713	311	5.81e-99
8236_0:00512f	254	62.205	11	708	309	6.43e-99
8238_0:003685	254	62.205	11	708	309	7.07e-99
48883_0:0022bd	225	65.778	3	699	305	7.26e-99
435163_0:000d3f	238	61.765	15	705	307	9.97e-99
245042_0:002594	204	69.608	0	698	304	1.10e-98
2529409_0:001040	199	71.859	1	699	305	1.31e-98
63155_0:004a04	254	62.598	10	704	307	1.98e-98
82366_0:00493c	254	60.236	10	706	308	2.75e-98
13489_0:002c9b	273	59.707	16	705	307	3.06e-98
364589_0:001723	225	63.556	3	694	303	5.76e-98
240163_0:00541f	238	60.504	11	702	306	6.08e-98
8520_0:00412b	215	68.837	3	704	307	8.00e-98
262131_0:000f6f	235	67.234	3	692	302	1.21e-97
215402_0:004a52	255	61.961	11	697	304	5.00e-97
386267_0:001892	238	59.244	12	695	303	5.27e-97
175797_0:000f30	257	59.144	11	695	303	5.93e-97
499056_0:003ff8	198	71.212	3	720	314	6.91e-97
333673_0:0079a0	196	70.918	1	687	300	7.06e-97
44394_0:002b0f	225	64.889	3	687	300	8.13e-97
59894_0:00266a	203	68.966	2	686	299	1.05e-96
69293_0:00315b	243	59.671	12	692	302	2.60e-96
61221_0:003bcc	219	67.123	5	689	301	3.50e-96
8673_0:001996	248	62.097	4	689	301	8.87e-96
195821_0:004b0c	219	64.384	8	681	297	2.90e-95
230148_0:00c1f9	235	60.851	16	675	294	4.44e-95
884348_0:004bc1	196	71.939	1	674	294	1.70e-94
56723_0:001e68	254	59.843	11	682	298	2.26e-94
2478892_0:0024cb	186	74.194	0	663	289	7.69e-94
163118_0:002b2f	223	63.229	9	698	304	1.75e-93
933632_0:00184b	200	71.500	4	669	292	3.85e-93
28377_0:003b95	210	66.190	3	671	293	8.54e-93
689266_0:00164d	212	68.396	15	656	286	1.73e-91
# BLAST processed 1 queries
